# Tetracene Calculated Energies, (nx, ny, energy)
1.000000000000000000e+00, 1.000000000000000000e+00, 5.204321934246141090e+00
2.000000000000000000e+00, 1.000000000000000000e+00, 6.428378453180832786e+00
3.000000000000000000e+00, 1.000000000000000000e+00, 8.468472651405319240e+00
4.000000000000000000e+00, 1.000000000000000000e+00, 1.132460452891960223e+01
5.000000000000000000e+00, 1.000000000000000000e+00, 1.499677408572368087e+01
6.000000000000000000e+00, 1.000000000000000000e+00, 1.948498132181755338e+01
1.000000000000000000e+00, 2.000000000000000000e+00, 1.959323121804987267e+01
2.000000000000000000e+00, 2.000000000000000000e+00, 2.081728773698456436e+01
3.000000000000000000e+00, 2.000000000000000000e+00, 2.285738193520905170e+01
7.000000000000000000e+00, 1.000000000000000000e+00, 2.478922623720122331e+01
4.000000000000000000e+00, 2.000000000000000000e+00, 2.571351381272333114e+01
5.000000000000000000e+00, 2.000000000000000000e+00, 2.938568336952741333e+01
8.000000000000000000e+00, 1.000000000000000000e+00, 3.090950883187467824e+01
6.000000000000000000e+00, 2.000000000000000000e+00, 3.387389060562127696e+01
9.000000000000000000e+00, 1.000000000000000000e+00, 3.784582910583793591e+01
7.000000000000000000e+00, 2.000000000000000000e+00, 3.917813552100494690e+01
1.000000000000000000e+00, 3.000000000000000000e+00, 4.357474669105608456e+01
2.000000000000000000e+00, 3.000000000000000000e+00, 4.479880320999077981e+01
8.000000000000000000e+00, 2.000000000000000000e+00, 4.529841811567840892e+01
1.000000000000000000e+01, 1.000000000000000000e+00, 4.559818705909098924e+01
3.000000000000000000e+00, 3.000000000000000000e+00, 4.683889740821526715e+01
4.000000000000000000e+00, 3.000000000000000000e+00, 4.969502928572955369e+01
9.000000000000000000e+00, 2.000000000000000000e+00, 5.223473838964167015e+01
5.000000000000000000e+00, 3.000000000000000000e+00, 5.336719884253362522e+01
1.100000000000000000e+01, 1.000000000000000000e+00, 5.416658269163383466e+01
6.000000000000000000e+00, 3.000000000000000000e+00, 5.785540607862749596e+01
1.000000000000000000e+01, 2.000000000000000000e+00, 5.998709634289472348e+01
7.000000000000000000e+00, 3.000000000000000000e+00, 6.315965099401116589e+01
1.200000000000000000e+01, 1.000000000000000000e+00, 6.355101600346647928e+01
1.100000000000000000e+01, 2.000000000000000000e+00, 6.855549197543756179e+01
8.000000000000000000e+00, 3.000000000000000000e+00, 6.927993358868462792e+01
9.000000000000000000e+00, 3.000000000000000000e+00, 7.621625386264787494e+01
1.200000000000000000e+01, 2.000000000000000000e+00, 7.793992528727021352e+01
1.000000000000000000e+01, 3.000000000000000000e+00, 8.396861181590092826e+01
1.100000000000000000e+01, 3.000000000000000000e+00, 9.253700744844378789e+01
1.200000000000000000e+01, 3.000000000000000000e+00, 1.019214407602764254e+02
